HXCCGX601A      NONE    1.0800   -0.0700  208.9500    0.4200   -0.3900  217.4500
3S-02-TSADM     NONE    2.3000    3.1400  253.7400    0.7000    3.5800  283.6600
3S-02-TSATE     NONE    0.6000   -0.4600  152.2400   -0.1000   -0.6200  163.0600
AERAT2775_43    NONE    2.9000   -1.0600   69.5400   -0.3000   -0.4200   86.1600
AERAT2775_43    SPKE    2.5000   -1.6600   69.1400   -0.5000   -0.5200   88.1600
AOAD/M_B        NONE    0.6000   -0.4600   59.2400   -0.1000   -0.6200   88.0600
AOAD/M_T        NONE    0.6000   -0.4600   91.2400   -0.1000   -0.6200  120.0600
AOAD/M_TA_NGS   NONE    0.6000   -0.4600   91.2400   -0.1000   -0.6200  120.0600
ASH700228A      NONE   -2.3800   -1.0800   58.5000   -3.1300    1.8200   64.7700
ASH700228B      NONE    1.1000   -0.1600   61.1400   -1.3000    0.1800   71.2600
ASH700228C      NONE    1.1000   -0.1600   61.1400   -1.3000    0.1800   71.2600
ASH700228D      NONE   -2.0600   -1.2800   61.2200   -3.4300    2.0500   67.0900
ASH700228E      NONE   -2.6000   -0.3600   65.4400   -2.0000    4.2800   68.7600
ASH700700.B     NONE   -1.2000   -1.9600   32.7400    1.0000   -2.6200   51.4600
ASH700700.C     NONE   -1.2000   -1.9600   32.7400    1.0000   -2.6200   51.4600
ASH700718A      NONE    4.0000    0.5400   68.5400    3.0000   -1.9200   55.4600
ASH700718B      NONE   -1.6700   -0.4700   69.4800    0.9100   -1.3400   50.2100
ASH700829.2     SNOW   -0.6000   -1.2600   68.9400    0.8000   -2.2200   51.8600
ASH700829.3     SNOW   -0.6000   -1.2600   68.9400    0.8000   -2.2200   51.8600
ASH700829.A     SNOW   -0.6000   -1.2600   68.9400    0.8000   -2.2200   51.8600
ASH700829.A1    SNOW   -0.6000   -1.2600   68.9400    0.8000   -2.2200   51.8600
ASH700936A_M    NONE    0.6000   -0.4600   91.2400   -0.1000   -0.6200  120.0600
ASH700936A_M    SNOW    0.9000   -0.6600   89.3400    0.8000   -0.1200  117.6600
ASH700936B_M    NONE    0.2000    0.0100   90.9500    0.1100    0.4500  119.9200
ASH700936B_M    SNOW    0.1800   -0.2000   89.6100   -0.0100    0.4400  119.3200
ASH700936C_M    NONE   -0.5600    0.2400   91.9100    0.0000   -0.3000  121.4300
ASH700936C_M    SNOW   -0.1200   -0.4600   90.3600   -0.4500    0.4300  120.1100
ASH700936D_M    NONE    0.8200   -0.0100   91.4800    0.7900   -0.0300  120.3900
ASH700936D_M    SCIS    1.2000    0.3400   87.4400   -0.3000   -0.4200  117.3600
ASH700936D_M    SNOW    0.5100   -0.1200   90.9700    0.3100   -0.0400  120.2300
ASH700936E      NONE    0.2300   -0.1400   91.7400   -0.5900    0.0500  120.7200
ASH700936E      SNOW    0.2100   -0.2100   89.6200   -0.0600    0.0500  118.1700
ASH700936E_C    NONE    0.6000   -0.4600   91.2400   -0.1000   -0.6200  120.0600
ASH700936E_C    SNOW    0.9000   -0.6600   89.3400    0.8000   -0.1200  117.6600
ASH700936F_C    NONE    0.6000   -0.4600   91.2400   -0.1000   -0.6200  120.0600
ASH701008.01B   NONE   -0.1000    0.2400   64.4400    1.4000   -2.6200   53.7600
ASH701073.1     NONE    0.6000   -0.4600   91.2400   -0.1000   -0.6200  120.0600
ASH701073.3     NONE    0.6000   -0.4600   91.2400   -0.1000   -0.6200  120.0600
ASH701933A_M    NONE    0.3000   -0.7600   88.7400   -0.2000    0.4800  118.5600
ASH701933A_M    SNOW    0.4000   -0.6600   88.6400   -0.2000    0.4800  116.6600
ASH701933B_M    NONE    0.3000   -0.7600   88.7400   -0.2000    0.4800  118.5600
ASH701933B_M    SNOW    0.4000   -0.6600   88.6400   -0.2000    0.4800  116.6600
ASH701933C_M    NONE    0.3000   -0.7600   88.7400   -0.2000    0.4800  118.5600
ASH701933C_M    SCIS    0.7000   -0.7600   86.7400   -0.9000   -0.4200  117.5600
ASH701933C_M    SCIT    0.9000   -1.0600   87.8400   -0.3000   -0.9200  117.3600
ASH701933C_M    SNOW    0.4000   -0.6600   88.6400   -0.2000    0.4800  116.6600
ASH701941.1     NONE    0.4000   -0.3600   89.2400   -0.4000   -0.4200  118.7600
ASH701941.2     NONE    0.4000   -0.3600   89.2400   -0.4000   -0.4200  118.7600
ASH701941.A     NONE    0.4000   -0.3600   89.2400   -0.4000   -0.4200  118.7600
ASH701941.B     NONE    0.4000   -0.3600   89.2400   -0.4000   -0.4200  118.7600
ASH701945B_M    NONE    0.6000   -0.4600   91.2400   -0.1000   -0.6200  120.0600
ASH701945B_M    SCIS    0.5000    0.0400   89.0400   -0.6000   -0.0200  118.9600
ASH701945B_M    SCIT    0.7000   -0.3600   88.6400   -0.2000   -0.4200  117.5600
ASH701945B_M    SNOW    1.0000    0.3400   90.5400   -0.3000   -0.3200  118.2600
ASH701945C_M    NONE    0.6000   -0.4600   91.2400   -0.1000   -0.6200  120.0600
ASH701945C_M    PFAN    0.2500   -0.5500   85.5800   -0.0200    1.6500  118.1400
ASH701945C_M    SCIS    0.5000    0.0400   89.0400   -0.6000   -0.0200  118.9600
ASH701945C_M    SCIT    0.7000   -0.3600   88.6400   -0.2000   -0.4200  117.5600
ASH701945C_M    SNOW    0.1900    0.4000   89.8700   -0.8400    0.1900  119.4900
ASH701945D_M    NONE    0.6000   -0.4600   91.2400   -0.1000   -0.6200  120.0600
ASH701945D_M    SCIS    0.5000    0.0400   89.0400   -0.6000   -0.0200  118.9600
ASH701945D_M    SCIT    0.7000   -0.3600   88.6400   -0.2000   -0.4200  117.5600
ASH701945D_M    SNOW    1.0000    0.3400   90.5400   -0.3000   -0.3200  118.2600
ASH701945E_M    NONE    0.6000   -0.4600   91.2400   -0.1000   -0.6200  120.0600
ASH701945E_M    SCIS    0.5000    0.0400   89.0400   -0.6000   -0.0200  118.9600
ASH701945E_M    SCIT    0.7000   -0.3600   88.6400   -0.2000   -0.4200  117.5600
ASH701945E_M    SNOW    1.0000    0.3400   90.5400   -0.3000   -0.3200  118.2600
ASH701945G_M    NONE    0.6000   -0.4600   91.2400   -0.1000   -0.6200  120.0600
ASH701945G_M    SCIS    0.5000    0.0400   89.0400   -0.6000   -0.0200  118.9600
ASH701945G_M    SCIT    0.7000   -0.3600   88.6400   -0.2000   -0.4200  117.5600
ASH701945G_M    SNOW    1.0000    0.3400   90.5400   -0.3000   -0.3200  118.2600
ASH701946.2     NONE    0.6000   -0.4600   91.2400   -0.1000   -0.6200  120.0600
ASH701946.3     NONE    0.6000   -0.4600   91.2400   -0.1000   -0.6200  120.0600
ASH701946.3     SNOW    1.7000   -0.5400   89.9300    0.3600    0.2600  119.7400
ASH701975.01A   NONE   -1.5000   -4.5600   37.6400   -1.8000   -3.8200   54.2600
ASH701975.01AGP NONE   -1.4000   -3.7600   37.2400   -2.1000   -3.3200   38.1600
JAV_GRANT-G3T   NONE    0.5600    1.1600   50.2800   -3.1000   -1.3800   46.8300
JAV_RINGANT_G3T NONE    0.2500    2.2400   49.0400    6.8000   -3.1600   54.7200
JAVRINGANT_DM   NONE    1.0500    0.8600   89.3100    0.2800   -0.0700  119.6400
JNSMARANT_GGD   NONE    1.9000    0.0400   62.7400   -1.8000   -0.6200   71.7600
JPLD/M_R        NONE    0.6000   -0.4600   59.2400   -0.1000   -0.6200   88.0600
JPLD/M_RA_SOP   NONE    0.6000   -0.4600   59.2400   -0.1000   -0.6200   88.0600
JPSLEGANT_E     NONE    1.3000   -0.3600   34.8400    1.6000   -1.7200   53.8600
JPSODYSSEY_I    NONE    1.0000   -2.3600   69.7400   -0.4000   -2.3200   80.9600
JPSREGANT_DD_E  NONE    0.1400   -0.2700  100.8100    0.2100    0.2100  116.4600
JPSREGANT_SD_E  NONE   -0.4400   -0.2600   91.2500    0.2800   -0.1100  118.9000
LEIAR10         NONE    1.2900   -0.7000   88.8400    0.5200    0.1500   81.7900
LEIAR25         NONE    1.4100    1.0000  155.3400   -0.1500    0.2900  164.0000
LEIAR25         LEIT    1.0400    1.1800  155.0800   -0.1400    0.3800  163.0700
LEIAR25.R3      NONE    0.4100    0.1100  162.2300    0.1800   -0.5100  159.5100
LEIAR25.R3      LEIT    0.1700    0.1000  161.7300    0.1900   -0.6400  158.7900
LEIAR25.R4      NONE    0.8800    0.8700  159.3600    0.1200    0.0200  153.5800
LEIAR25.R4      LEIT    0.6000    0.9800  158.3000    0.1100    0.0500  154.0400
LEIAR25.R4      SCIT    1.0500   -0.5400  164.1500    0.2200   -1.3700  147.3000
LEIAS10         NONE   -0.8100    1.5000   58.5500   -0.1000   -2.6900   55.4500
LEIAT202+GP     NONE    5.4000    1.4400   30.4400    3.3000   -5.8200   33.8600
LEIAT202-GP     NONE    1.1000   -0.3600   49.7400    0.2000   -2.5200   44.1600
LEIAT302+GP     NONE    5.4000    1.4400   30.4400    3.3000   -5.8200   33.8600
LEIAT302-GP     NONE   -0.0200   -0.3500   40.3900   -1.9400    1.4000   40.7100
LEIAT303        NONE   -0.4300    0.7600   60.7500    0.2900    0.1800   84.6200
LEIAT303        LEIC   -0.4700    0.5500   61.6400   -0.0700    0.1500   86.0600
LEIAT502        NONE    0.9000    1.5400   43.0400   -1.5000    1.1800   57.4600
LEIAT503        NONE    1.6000   -0.9600   59.4400    1.7000    0.1800   85.9600
LEIAT503        LEIC    1.3000   -0.5600   59.9400    1.6000   -0.4200   82.9600
LEIAT504        NONE    0.0700   -0.3200   91.2200   -0.0600    0.0800  117.3100
LEIAT504        LEIS    0.6600   -0.1300   88.3900   -0.2700    0.1500  115.0600
LEIAT504        OLGA   -1.1800   -0.8100   82.8800   -0.4100    0.2900  112.8200
LEIAT504        SCIS   -0.1800   -0.3500   85.6300   -0.1900    0.1400  115.3500
LEIAT504GG      NONE    0.8400    0.8600   90.3200   -0.0800   -0.1100  119.0600
LEIAT504GG      LEIS    0.5300    0.9800   87.4000    0.1600   -0.3100  117.6700
LEIAT504GG      SCIS    1.5000    1.2400   86.7400   -0.2000    0.0800  117.2600
LEIAT504GG      SCIT    1.7000    2.5400   87.8400    0.0000    0.8800  117.1600
LEIATX1230      NONE    1.0000    2.0400   91.8400    0.0000   -1.1200   96.9600
LEIATX1230GG    NONE    1.0000    2.0400   91.8400    0.0000   -1.1200   96.9600
LEIATX1230+GNSS NONE   -1.3900    1.6100   87.8200    0.3200   -1.2700   85.0100
LEIAX1202       NONE    1.4500   -0.2000   64.3300   -0.4300    0.0100   62.7600
LEIAX1202GG     NONE    1.8000    0.3400   65.9400   -0.3000    0.2800   66.0600
LEIAX1203+GNSS  NONE   -0.8100    1.5000   58.5500   -0.1000   -2.6900   55.4500
LEIGS09         NONE   -1.3900    1.6100   87.8200    0.3200   -1.2700   85.0100
LEIGS15         NONE   -0.8100   -0.4900  202.0500    0.7600    2.1400  200.7300
LEIMNA950GG     NONE    0.5300    0.1700   90.8200    0.8600    0.5500   89.6400
LEISR299_INT    NONE    3.7000   -0.6600   94.3400    1.2000   -4.1200  109.2600
LEISR399_INT    NONE    3.7000   -0.6600   94.3400    1.2000   -4.1200  109.2600
LEISR399_INTA   NONE    3.6000    0.9400  109.6400    2.3000   -1.7200  114.0600
MAC4647942      NONE    2.8000   -8.6600  144.3400    4.2000    1.3800   83.3600
MAC4647942      MMAC   -0.8000    2.3400  120.8400    0.4000    2.6800   93.2600
MPLL1/L2_SURV   NONE    0.6000   -0.4600   60.8400   -0.1000   -0.6200   85.2600
MPL_WAAS_2224NW NONE    0.2000   -4.7600  448.5400   -0.6000   -4.5200  458.5600
MPL_WAAS_2225NW NONE    0.8000   -3.9600  443.8400   -0.9000   -1.0200  456.7600
NAVAN2004T      NONE   -0.9000   -1.0600   39.9400   -3.4000   -1.9200   62.9600
NAVAN2008T      NONE    1.4000    0.0400   10.8400    0.2000   -1.0200   25.8600
NOV502          NONE   -0.5000   -1.7600   41.2400    0.3000   -2.3200   59.0600
NOV502+CR       NONE   -0.7000   -2.8600   28.6400    0.6000   -1.3200   67.7600
NOV503+CR       NONE    2.9000   -1.8600   67.7400   -0.2000   -0.3200   84.3600
NOV503+CR       SPKE    2.6000   -3.0600   68.3400   -0.9000   -0.8200   86.6600
NOV600          NONE   -0.7000   -0.1600   71.7400    0.1000   -1.0200   83.8600
NOV702          NONE    0.6100    1.9900   65.6400   -0.5800    0.7700   64.2000
NOV702GG        NONE    1.3500    0.3000   66.7600    0.0000    0.1300   66.0800
NOV750.R4       NONE    0.2600   -0.1600  161.3000   -0.2200   -0.5100  158.3000
NOV750.R4       NOVS    0.2100   -0.2200  169.4400   -0.3700   -0.4200  156.7000
NOV_WAAS_600    NONE   -1.6000   -0.2600  374.2400   -3.1000   -3.9200  389.5600
SEN67157596+CR  NONE    1.8000    0.8400   13.2400    1.9000   -0.7200   26.2600
SOK502          NONE   -0.5000   -1.7600   41.2400    0.3000   -2.3200   59.0600
SOK600          NONE   -0.7000   -0.1600   71.7400    0.1000   -1.0200   83.8600
SOK702          NONE    3.0000   -0.9600   68.4400   -0.6000   -1.4200   70.8600
SOK_RADIAN_IS   NONE    0.8000   -1.1600  145.0400   -2.2000   -0.7200  154.0600
SPP571212238+GP NONE    0.9000    1.5400   76.1400   -1.5000    2.4800   68.5600
SPP571908273    NONE    5.9000   -2.5600   67.4400    3.0000    0.4800   87.7600
SPP571908273    SPKE    6.0000   -3.3600   65.7400    3.5000   -0.0200   88.7600
TOP700779A      NONE    4.0000    0.5400   68.5400    3.0000   -1.9200   55.4600
TOP72110        NONE   -3.3000    6.8400  128.3400   -4.5000    5.8800  119.8600
TPSCR.G3        NONE   -0.1600    0.3000   88.4100    0.2600   -0.0300  119.3800
TPSCR.G3        SCIS   -0.2100    0.2800   84.1700    0.4500   -0.0800  120.2600
TPSCR.G3        TPSH   -0.0500    0.3600   84.4000    0.8400    0.2600  119.7000
TPSCR3_GGD      NONE    0.7000   -0.4600   61.7400    0.6000    0.1800   95.5600
TPSCR3_GGD      CONE    0.8000   -0.3600   61.5400    0.3000   -0.0200   94.7600
TPSCR3_GGD      OLGA   -0.8100   -0.1900   54.3200    0.5800   -0.0900   94.5400
TPSCR3_GGD      PFAN   -0.5100   -0.4700   61.6900    0.6900   -0.0400   94.8000
TPSCR4          NONE    0.6000   -0.4600   91.2400   -0.1000   -0.6200  120.0600
TPSCR4          CONE    0.8000    0.1400   90.4400   -0.1000   -1.3200  118.8600
TPSG3_A1        NONE    0.8000   -0.5600   32.7400    0.0000   -0.8200   40.9600
TPSG3_A1        TPSD    1.0000   -0.2600   32.5400    0.5000    0.0800   42.0600
TPSHIPER_GD     NONE   -1.1000   -1.2600   87.2400   -1.3000   -1.4200   93.2600
TPSHIPER_GGD    NONE   -1.1000   -1.2600   87.2400   -1.3000   -1.4200   93.2600
TPSHIPER_LITE   NONE    0.7000    1.6400   87.3400    0.0000    0.9800   87.7600
TPSHIPER_PLUS   NONE   -0.2000    1.1400   87.1400   -0.8000    0.0800   89.1600
TPSLEGANT2      NONE    0.6000   -0.9600   38.9400    0.0000   -1.8200   56.9600
TPSLEGANT3_UHF  NONE   -0.1000    0.1400   95.3400   -0.1000   -0.3200  104.6600
TPSPG_A1        NONE    1.3000    1.7400   35.5400    0.3000   -0.8200   52.5600
TRM14177.00     NONE   -0.1800   -3.1700   74.6900   -3.0700   -1.0500   67.2100
TRM14532.00     NONE   -0.1800   -3.1700   74.6900   -3.0700   -1.0500   67.2100
TRM14532.10     NONE   -1.0000    0.4400   77.2400    1.5000    3.4800   86.4600
TRM22020.00+GP  NONE    1.1400   -1.5100   70.6900   -1.5600    1.2600   63.2000
TRM22020.00-GP  NONE    3.7000    0.4400   67.8400    1.1000   -0.7200   73.7600
TRM23903.00     NONE    1.3800   -1.4500   73.5200   -1.4000    1.4600   66.4500
TRM27947.00+GP  NONE    2.2000   -0.8600   56.4400   -0.5000    2.1800   67.6600
TRM27947.00-GP  NONE    4.0000   -0.3600   72.9400   -1.5000    1.4800   86.9600
TRM29659.00     NONE   -0.0600   -0.9100   91.9500   -0.1600    0.1600  120.4900
TRM29659.00     OLGA   -0.7300   -0.9600   83.2400   -0.5400   -0.2700  114.6300
TRM29659.00     SCIS    1.6000   -0.1600   87.7400    0.1000   -0.6200  117.8600
TRM29659.00     SCIT    1.5000    0.4400   88.0400    0.1000    1.0800  117.1600
TRM29659.00     SNOW    0.0400    0.7600   91.4100    0.2700   -0.4900  120.4500
TRM29659.00     TCWD    0.0000   -0.3000   95.6100   -0.3300   -0.4100  124.0500
TRM29659.00     UNAV    1.4000    1.4400   88.9400   -0.8000   -0.7200  119.3600
TRM33429.00+GP  NONE   -0.0400   -0.5000   69.6600    0.1400   -0.0500   62.3200
TRM33429.00-GP  NONE    0.5000   -0.8600   61.7400    0.7000   -1.5200   71.4600
TRM33429.20+GP  NONE    0.1100   -0.7900   72.8600   -0.1400   -0.3800   65.9000
TRM33429.20+GP  TCWD   -0.3700   -0.8600   72.1500   -0.1000   -0.2900   76.5100
TRM33429.20+GP  UNAV    0.0000   -0.7600   57.0400   -1.1000   -2.0200   68.9600
TRM39105.00     NONE    0.6000   -0.2600   52.4400   -0.8000    0.2800   59.4600
TRM41249.00     NONE   -0.0800    0.5500   55.2900   -0.1000    0.4100   57.4200
TRM41249.00     SCIT    1.4000    1.2400   57.0400    0.4000    0.5800   59.1600
TRM41249.00     TZGD    0.9000    0.1400   52.7400   -0.5000   -0.8200   59.4600
TRM41249USCG    SCIT   -2.8000   -2.3600   62.5400   -3.8000   -2.1200   60.9600
TRM4800         NONE    0.4000    1.0400  157.1400   -0.7000    0.6800  170.9600
TRM55971.00     NONE    1.0700   -0.1900   67.1700    0.1400    0.4200   57.6500
TRM55971.00     SCIT    2.3000    1.1400   67.1400    0.8000    0.9800   59.8600
TRM55971.00     TZGD    1.1300   -0.1700   65.0200    0.2300    0.8400   57.4300
TRM57970.00     NONE    0.5800   -0.5900   63.1600    0.0400    2.0200   56.5700
TRM57971.00     NONE    1.1900   -0.3400   66.8800   -0.2800    0.8100   57.8300
TRM5800         NONE    0.8000    1.0400   74.2400    0.1000   -2.2200   76.9600
TRM59800.00     NONE    0.3700    0.8600   90.0200    0.0900    0.0100  119.8900
TRM59800.00     SCIS    0.1600    0.8100   86.6000    0.1300    0.0000  119.6900
TRM59800.00     SCIT    1.3200    0.8800   84.8500    1.0200   -0.3200  118.0800
TRM59900.00     NONE    0.9500   -0.4000  113.5000    0.4100    0.4500  124.5400
TRM59900.00     SCIS    0.8200   -0.3500  111.1900    0.3800    0.4800  124.7600
TRMR8_GNSS      NONE    0.5700   -0.1600   83.6700   -0.6900   -0.2500   72.0900
TRMR8_GNSS3     NONE    0.9300   -0.4000   84.6600   -0.9200   -0.3700   73.3900
APSAPS-3        NONE    0.2700    0.4200   90.5500    1.1100    0.9900   81.1500
ASH700228A      NONE   -2.6800   -1.3500   58.5400   -3.5800    2.0200   64.8000
ASH700228B      NONE   -2.6800   -1.3500   58.5400   -3.5800    2.0200   64.8000
ASH700228C      NONE   -1.7200   -0.9700   68.6500   -2.0800    4.4100   70.9500
ASH700228D      NONE   -2.0600   -1.2800   61.2200   -3.4300    2.0500   67.0900
ASH700228E      NONE   -2.0600   -1.2800   61.2200   -3.4300    2.0500   67.0900
ASH700700.B     NONE   -1.2200   -1.8700   33.3500    1.0200   -2.5900   51.7500
ASH700700.C     NONE   -1.2200   -1.8700   33.3500    1.0200   -2.5900   51.7500
ASH700718A      NONE   -1.6700   -0.4700   69.4800    0.9100   -1.3400   50.2100
ASH700718B      NONE   -1.6700   -0.4700   69.4800    0.9100   -1.3400   50.2100
ASH700829.2     SNOW   -0.6200   -1.1700   69.5500    0.8200   -2.1900   52.1500
ASH700829.3     SNOW   -0.6200   -1.1700   69.5500    0.8200   -2.1900   52.1500
ASH700829.A     SNOW   -0.6200   -1.1700   69.5500    0.8200   -2.1900   52.1500
ASH700829.A1    SNOW   -0.6200   -1.1700   69.5500    0.8200   -2.1900   52.1500
ASH700936A_M    NONE    0.5800   -0.3700   91.8500   -0.0800   -0.5900  120.3500
ASH700936A_M    SNOW    0.1800   -0.2000   89.6100   -0.0100    0.4400  119.3200
ASH700936B_M    NONE    0.2000    0.0100   90.9500    0.1100    0.4500  119.9200
ASH700936B_M    SNOW    0.1800   -0.2000   89.6100   -0.0100    0.4400  119.3200
ASH700936C_M    NONE    0.3000   -0.6200   90.7400    0.0600    0.1400  119.9500
ASH700936C_M    SNOW   -0.1200   -0.4600   90.3600   -0.4500    0.4300  120.1100
ASH700936D_M    NONE    0.3700   -0.3400   90.9700   -0.1100   -0.0800  120.3600
ASH700936D_M    SCIS    1.1800    0.4300   88.0500   -0.2800   -0.3900  117.6500
ASH700936D_M    SNOW    0.2600   -0.2300   90.8600    0.0700    0.0600  119.1600
ASH700936E      NONE    0.2000   -0.1400   89.3300    0.2100   -0.1600  119.3300
ASH700936E      SNOW    0.1800   -0.2000   89.6000   -0.0700    0.0800  118.2300
ASH700936E_C    NONE    0.5800   -0.3700   91.8500   -0.0800   -0.5900  120.3500
ASH700936E_C    SNOW    0.1800   -0.2000   89.6000   -0.0700    0.0800  118.2300
ASH700936F_C    NONE    0.5800   -0.3700   91.8500   -0.0800   -0.5900  120.3500
ASH701008.01B   NONE   -0.1200    0.3300   65.0500    1.4200   -2.5900   54.0500
ASH701073.1     NONE    0.5800   -0.3700   91.8500   -0.0800   -0.5900  120.3500
ASH701073.3     NONE    0.5800   -0.3700   91.8500   -0.0800   -0.5900  120.3500
ASH701933A_M    NONE    0.2800   -0.6700   89.3500   -0.1800    0.5100  118.8500
ASH701933A_M    SNOW    0.3800   -0.5700   89.2500   -0.1800    0.5100  116.9500
ASH701933B_M    NONE    0.2800   -0.6700   89.3500   -0.1800    0.5100  118.8500
ASH701933B_M    SNOW    0.3800   -0.5700   89.2500   -0.1800    0.5100  116.9500
ASH701933C_M    NONE    0.2800   -0.6700   89.3500   -0.1800    0.5100  118.8500
ASH701933C_M    SCIS    0.6800   -0.6700   87.3500   -0.8800   -0.3900  117.8500
ASH701933C_M    SCIT    0.8800   -0.9700   88.4500   -0.2800   -0.8900  117.6500
ASH701933C_M    SNOW    0.3800   -0.5700   89.2500   -0.1800    0.5100  116.9500
ASH701941.1     NONE    0.3800   -0.2700   89.8500   -0.3800   -0.3900  119.0500
ASH701941.2     NONE    0.3800   -0.2700   89.8500   -0.3800   -0.3900  119.0500
ASH701941.A     NONE    0.3800   -0.2700   89.8500   -0.3800   -0.3900  119.0500
ASH701941.B     NONE    0.3800   -0.2700   89.8500   -0.3800   -0.3900  119.0500
ASH701941.B     SCIS   -0.6000    0.2400   85.1100   -0.7400    0.8700  119.7200
ASH701945B_M    NONE    0.5800   -0.3700   91.8500   -0.0800   -0.5900  120.3500
ASH701945B_M    SCIS    0.4800    0.1300   89.6500   -0.5800    0.0100  119.2500
ASH701945B_M    SCIT    0.6800   -0.2700   89.2500   -0.1800   -0.3900  117.8500
ASH701945B_M    SNOW    0.1900    0.4000   89.8700   -0.8400    0.1900  119.4900
ASH701945C_M    NONE    0.6800   -0.4900   90.7800    0.3200    1.3600  119.8200
ASH701945C_M    OLGA    0.0500   -1.0300   83.9400    0.6900    1.2000  116.5600
ASH701945C_M    PFAN    0.2500   -0.5500   85.5800   -0.0200    1.6500  118.1400
ASH701945C_M    SCIS    0.4800    0.1300   89.6500   -0.5800    0.0100  119.2500
ASH701945C_M    SCIT    0.6800   -0.2700   89.2500   -0.1800   -0.3900  117.8500
ASH701945C_M    SNOW    0.1900    0.4000   89.8700   -0.8400    0.1900  119.4900
ASH701945D_M    NONE    0.5800   -0.3700   91.8500   -0.0800   -0.5900  120.3500
ASH701945D_M    SCIS    0.4800    0.1300   89.6500   -0.5800    0.0100  119.2500
ASH701945D_M    SCIT    0.6800   -0.2700   89.2500   -0.1800   -0.3900  117.8500
ASH701945D_M    SNOW    0.1900    0.4000   89.8700   -0.8400    0.1900  119.4900
ASH701945E_M    NONE    1.0500   -0.1200   90.5100    0.0200    0.5800  119.0100
ASH701945E_M    SCIS    0.4800    0.1300   89.6500   -0.5800    0.0100  119.2500
ASH701945E_M    SCIT    0.6800   -0.2700   89.2500   -0.1800   -0.3900  117.8500
ASH701945E_M    SNOW    0.9600   -0.7000   90.1900    0.4500    0.3500  115.9100
ASH701945G_M    NONE    0.5800   -0.3700   91.8500   -0.0800   -0.5900  120.3500
ASH701945G_M    SCIS    0.4800    0.1300   89.6500   -0.5800    0.0100  119.2500
ASH701945G_M    SCIT    0.6800   -0.2700   89.2500   -0.1800   -0.3900  117.8500
ASH701945G_M    SNOW    1.2500   -0.3300   91.4900   -0.1900    0.0600  120.1500
ASH701946.2     NONE    0.5800   -0.3700   91.8500   -0.0800   -0.5900  120.3500
ASH701946.2     SNOW    1.7000   -0.5400   89.9300    0.3600    0.2600  119.7400
ASH701946.3     NONE    0.5800   -0.3700   91.8500   -0.0800   -0.5900  120.3500
ASH701946.3     SNOW    1.7000   -0.5400   89.9300    0.3600    0.2600  119.7400
ASH701975.01A   NONE   -1.5200   -4.4700   38.2500   -1.7800   -3.7900   54.5500
ASH701975.01AGP NONE   -1.4200   -3.6700   37.8500   -2.0800   -3.2900   38.4500
JAV_GRANT-G3T   NONE    0.5600    1.1600   50.2800   -3.1000   -1.3800   46.8300
JAV_RINGANT_G3T NONE    0.2500    2.2400   49.0400    6.8000   -3.1600   54.7200
JAVRINGANT_DM   NONE    1.0500    0.8600   89.3100    0.2800   -0.0700  119.6400
JAVRINGANT_DM   JVDM    0.8600    0.7300   88.8000   -0.0300   -0.2500  118.4900
JNSMARANT_GGD   NONE    1.8800    0.1300   63.3500   -1.7800   -0.5900   72.0500
JPLD/M_R        NONE    0.5800   -0.3700   59.8500   -0.0800   -0.5900   88.3500
JPLD/M_RA_SOP   NONE    0.5800   -0.3700   59.8500   -0.0800   -0.5900   88.3500
JPSLEGANT_E     NONE    1.2800   -0.2700   35.4500    1.6200   -1.6900   54.1500
JPSODYSSEY_I    NONE    0.9800   -2.2700   70.3500   -0.3800   -2.2900   81.2500
JPSREGANT_DD_E  NONE    0.1400   -0.2700  100.8100    0.2100    0.2100  116.4600
JPSREGANT_SD_E  NONE   -0.4400   -0.2600   91.2500    0.2800   -0.1100  118.9000
LEIAR10         NONE    1.2900   -0.7000   88.8400    0.5200    0.1500   81.7900
LEIAR25         NONE    1.4100    1.0000  155.3400   -0.1500    0.2900  164.0000
LEIAR25         LEIT    1.0400    1.1800  155.0800   -0.1400    0.3800  163.0700
LEIAR25.R3      NONE    0.4100    0.1100  162.2300    0.1800   -0.5100  159.5100
LEIAR25.R3      LEIT    0.1700    0.1000  161.7300    0.1900   -0.6400  158.7900
LEIAR25.R4      NONE    0.8800    0.8700  159.3600    0.1200    0.0200  153.5800
LEIAR25.R4      LEIT    0.6000    0.9800  158.3000    0.1100    0.0500  154.0400
LEIAR25.R4      SCIT    1.0500   -0.5400  164.1500    0.2200   -1.3700  147.3000
LEIAS05         NONE    1.6400   -0.5200   63.4200    1.6400   -0.5200   63.4200
LEIAS10         NONE   -1.0300    1.3500   58.3200   -0.2000   -2.3800   55.5400
LEIAT202+GP     NONE    5.3800    1.5300   31.0500    3.3200   -5.7900   34.1500
LEIAT202-GP     NONE   -0.0200   -0.3500   40.3900   -1.9400    1.4000   40.7100
LEIAT302+GP     NONE    5.3800    1.5300   31.0500    3.3200   -5.7900   34.1500
LEIAT302-GP     NONE   -0.0200   -0.3500   40.3900   -1.9400    1.4000   40.7100
LEIAT303        NONE   -0.4300    0.7600   60.7500    0.2900    0.1800   84.6200
LEIAT303        LEIC   -0.4700    0.5500   61.6400   -0.0700    0.1500   86.0600
LEIAT502        NONE    0.8800    1.6300   43.6500   -1.4800    1.2100   57.7500
LEIAT503        NONE    1.5800   -0.8700   60.0500    1.7200    0.2100   86.2500
LEIAT503        LEIC    1.2800   -0.4700   60.5500    1.6200   -0.3900   83.2500
LEIAT504        NONE    0.3000    0.3400   91.3400   -0.3000    0.1300  117.7100
LEIAT504        LEIS    0.6000    0.0900   88.4700   -0.2200    0.1500  115.3300
LEIAT504        OLGA   -1.1800   -0.8100   82.8800   -0.4100    0.2900  112.8200
LEIAT504        SCIS   -0.1800   -0.3500   85.6300   -0.1900    0.1400  115.3500
LEIAT504GG      NONE    0.6200    1.1600   89.5600   -0.0600   -0.3600  119.5800
LEIAT504GG      LEIS    0.4000    1.1700   87.0600    0.1400   -0.3200  117.5400
LEIAT504GG      SCIS    1.4800    1.3300   87.3500   -0.1800    0.1100  117.5500
LEIAT504GG      SCIT    1.6800    2.6300   88.4500    0.0200    0.9100  117.4500
LEIATX1230      NONE    0.9800    2.1300   92.4500    0.0200   -1.0900   97.2500
LEIATX1230+GNSS NONE   -1.2800    1.2800   87.1800    0.1900   -1.2300   84.7200
LEIATX1230GG    NONE    0.9800    2.1300   92.4500    0.0200   -1.0900   97.2500
LEIAX1202       NONE    1.4100   -0.1400   64.2700   -0.3100    0.0400   62.8600
LEIAX1202GG     NONE    1.6400   -0.5200   63.4200   -1.2000    0.2300   62.1300
LEIAX1203+GNSS  NONE   -1.0300    1.3500   58.3200   -0.2000   -2.3800   55.5400
LEIGG02PLUS     NONE   -1.2800    1.2800   87.1800    0.1900   -1.2300   84.7200
LEIGS08         NONE   -1.2800    1.2800   87.1800    0.1900   -1.2300   84.7200
LEIGS09         NONE   -1.2800    1.2800   87.1800    0.1900   -1.2300   84.7200
LEIGS12         NONE   -1.2800    1.2800   87.1800    0.1900   -1.2300   84.7200
LEIGS15         NONE   -0.8100   -0.4900  202.0500    0.7600    2.1400  200.7300
LEIMNA950GG     NONE    0.5400    0.1500   91.0500    0.7600    0.5000   90.4300
LEISR299_INT    NONE    3.5800    1.0300  110.2500    2.3200   -1.6900  114.3500
LEISR399_INT    NONE    3.1800    1.2300   92.4500    0.1200   -2.7900  102.0500
LEISR399_INTA   NONE    3.5800    1.0300  110.2500    2.3200   -1.6900  114.3500
MAC4647942      NONE    2.7800   -8.5700  144.9500    4.2200    1.4100   83.6500
MAC4647942      MMAC   -0.8200    2.4300  121.4500    0.4200    2.7100   93.5500
MPL_WAAS_2224NW NONE    0.1800   -4.6700  449.1500   -0.5800   -4.4900  458.8500
MPL_WAAS_2225NW NONE    0.7800   -3.8700  444.4500   -0.8800   -0.9900  457.0500
MPLL1/L2_SURV   NONE    0.5800   -0.3700   61.4500   -0.0800   -0.5900   85.5500
NAVAN2004T      NONE   -0.9200   -0.9700   40.5500   -3.3800   -1.8900   63.2500
NAVAN2008T      NONE    1.3800    0.1300   11.4500    0.2200   -0.9900   26.1500
NAX3G+C         NONE   -0.5200   -0.7100   60.5200    0.6200    0.4700   57.0400
NOV_WAAS_600    NONE   -1.6200   -0.1700  374.8500   -3.0800   -3.8900  389.8500
NOV502          NONE   -0.5200   -1.6700   41.8500    0.3200   -2.2900   59.3500
NOV502+CR       NONE   -0.7200   -2.7700   29.2500    0.6200   -1.2900   68.0500
NOV503+CR       NONE    2.8800   -1.7700   68.3500   -0.1800   -0.2900   84.6500
NOV503+CR       SPKE    1.4400   -2.0000   72.7300   -1.5100   -1.2700   87.4700
NOV600          NONE   -1.8800    1.0100   73.5400    0.4900    1.0700   77.2900
NOV702          NONE    0.6100    1.9900   65.6400   -0.5800    0.7700   64.2000
NOV702GG        NONE    1.3500    0.3000   66.7600    0.0000    0.1300   66.0800
NOV750.R4       NONE    0.2600   -0.1600  161.3000   -0.2200   -0.5100  158.3000
NOV750.R4       NOVS    0.2100   -0.2200  169.4400   -0.3700   -0.4200  156.7000
SEN67157596+CR  NONE    1.7800    0.9300   13.8500    1.9200   -0.6900   26.5500
SEPCHOKE_MC     NONE    0.3300    0.2600   77.1700   -0.1100    0.1900   91.3900
SEPCHOKE_MC     SPKE    0.3000    0.6200   79.0200   -0.3000    0.1900   94.1400
SOK_RADIAN_IS   NONE    0.7800   -1.0700  145.6500   -2.1800   -0.6900  154.3500
SOK502          NONE   -0.5200   -1.6700   41.8500    0.3200   -2.2900   59.3500
SOK600          NONE   -0.7200   -0.0700   72.3500    0.1200   -0.9900   84.1500
SOK702          NONE    2.9800   -0.8700   69.0500   -0.5800   -1.3900   71.1500
SPP571212238+GP NONE    0.8800    1.6300   76.7500   -1.4800    2.5100   68.8500
STXS9SA7224V3.0 NONE    1.1100   -0.3700   92.0100    2.4500    0.7100   98.0200
TOP700779A      NONE    3.9800    0.6300   69.1500    3.0200   -1.8900   55.7500
TOP72110        NONE   -3.3200    6.9300  128.9500   -4.4800    5.9100  120.1500
TPSCR.G3        NONE   -0.1700    0.3000   88.4100    0.2800   -0.0400  119.4000
TPSCR.G3        SCIS   -0.2100    0.2800   84.1700    0.4500   -0.0800  120.2600
TPSCR.G3        TPSH   -0.0700    0.3800   84.4100    0.7800    0.2700  119.7300
TPSCR3_GGD      NONE   -0.0300   -0.1100   62.8200    0.8200    0.2300   98.1900
TPSCR3_GGD      CONE   -0.3400   -0.1400   63.6800    0.4600    0.2400   96.7500
TPSCR3_GGD      OLGA   -0.8100   -0.1900   54.3200    0.5800   -0.0900   94.5400
TPSCR3_GGD      PFAN   -0.5100   -0.4700   61.6900    0.6900   -0.0400   94.8000
TPSCR4          NONE    0.5800   -0.3700   91.8500   -0.0800   -0.5900  120.3500
TPSCR4          CONE    0.7800    0.2300   91.0500   -0.0800   -1.2900  119.1500
TPSG3_A1        NONE    0.7800   -0.4700   33.3500    0.0200   -0.7900   41.2500
TPSG3_A1        TPSD    0.9800   -0.1700   33.1500    0.5200    0.1100   42.3500
TPSHIPER_GD     NONE   -1.1200   -1.1700   87.8500   -1.2800   -1.3900   93.5500
TPSHIPER_GGD    NONE   -1.1200   -1.1700   87.8500   -1.2800   -1.3900   93.5500
TPSHIPER_LITE   NONE    0.6800    1.7300   87.9500    0.0200    1.0100   88.0500
TPSHIPER_PLUS   NONE   -0.2200    1.2300   87.7500   -0.7800    0.1100   89.4500
TPSLEGANT3_UHF  NONE   -0.1200    0.2300   95.9500   -0.0800   -0.2900  104.9500
TPSODYSSEY_I    NONE    0.9800   -2.2700   70.3500   -0.3800   -2.2900   81.2500
TPSPG_A1        NONE    1.2800    1.8300   36.1500    0.3200   -0.7900   52.8500
TPSPG_A1+GP     NONE   -0.0900    0.0200   34.7700   -0.0100   -0.2700   40.0300
TRM14177.00     NONE   -0.3600   -3.2600   74.8300   -3.1800   -0.8700   66.9700
TRM14532.00     NONE   -0.3600   -3.2600   74.8300   -3.1800   -0.8700   66.9700
TRM14532.10     NONE   -1.0200    0.5300   77.8500    1.5200    3.5100   86.7500
TRM22020.00+GP  NONE    1.2500   -1.4400   70.5800   -1.4900    1.4300   62.9700
TRM22020.00-GP  NONE    3.6800    0.5300   68.4500    1.1200   -0.6900   74.0500
TRM23903.00     NONE    1.3800   -1.4500   73.5200   -1.4000    1.4600   66.4500
TRM27947.00+GP  NONE    2.1800   -0.7700   57.0500   -0.4800    2.2100   67.9500
TRM27947.00-GP  NONE    3.9800   -0.2700   73.5500   -1.4800    1.5100   87.2500
TRM29659.00     NONE    0.1900    0.2300   90.9900   -0.0100    0.0000  120.4000
TRM29659.00     OLGA   -0.7300   -0.9600   83.2400   -0.5400   -0.2700  114.6300
TRM29659.00     SCIS    0.3400    0.8500   87.4900   -0.2300   -0.5300  119.3200
TRM29659.00     SCIT    1.1600    0.7500   85.9900    0.6300   -0.6200  118.3500
ASH701941.B     SCIS   -0.6000    0.2400   85.1100   -0.7400    0.8700  119.7200
ASH701945B_M    NONE    0.5800   -0.3700   91.8500   -0.0800   -0.5900  120.3500
ASH701945B_M    SCIS    0.4800    0.1300   89.6500   -0.5800    0.0100  119.2500
ASH701945B_M    SCIT    0.6800   -0.2700   89.2500   -0.1800   -0.3900  117.8500
ASH701945B_M    SNOW    0.1900    0.4000   89.8700   -0.8400    0.1900  119.4900
ASH701945C_M    NONE    0.6800   -0.4900   90.7800    0.3200    1.3600  119.8200
ASH701945C_M    OLGA    0.0500   -1.0300   83.9400    0.6900    1.2000  116.5600
ASH701945C_M    PFAN    0.2500   -0.5500   85.5800   -0.0200    1.6500  118.1400
ASH701945C_M    SCIS    0.4800    0.1300   89.6500   -0.5800    0.0100  119.2500
ASH701945C_M    SCIT    0.6800   -0.2700   89.2500   -0.1800   -0.3900  117.8500
ASH701945C_M    SNOW    0.1900    0.4000   89.8700   -0.8400    0.1900  119.4900
ASH701945D_M    NONE    0.5800   -0.3700   91.8500   -0.0800   -0.5900  120.3500
ASH701945D_M    SCIS    0.4800    0.1300   89.6500   -0.5800    0.0100  119.2500
ASH701945D_M    SCIT    0.6800   -0.2700   89.2500   -0.1800   -0.3900  117.8500
ASH701945D_M    SNOW    0.1900    0.4000   89.8700   -0.8400    0.1900  119.4900
ASH701945E_M    NONE    1.0500   -0.1200   90.5100    0.0200    0.5800  119.0100
ASH701945E_M    SCIS    0.4800    0.1300   89.6500   -0.5800    0.0100  119.2500
ASH701945E_M    SCIT    0.6800   -0.2700   89.2500   -0.1800   -0.3900  117.8500
ASH701945E_M    SNOW    0.9600   -0.7000   90.1900    0.4500    0.3500  115.9100
ASH701945G_M    NONE    0.5800   -0.3700   91.8500   -0.0800   -0.5900  120.3500
ASH701945G_M    SCIS    0.4800    0.1300   89.6500   -0.5800    0.0100  119.2500
ASH701945G_M    SCIT    0.6800   -0.2700   89.2500   -0.1800   -0.3900  117.8500
ASH701945G_M    SNOW    1.2500   -0.3300   91.4900   -0.1900    0.0600  120.1500
ASH701946.2     NONE    0.5800   -0.3700   91.8500   -0.0800   -0.5900  120.3500
ASH701946.3     NONE    0.5800   -0.3700   91.8500   -0.0800   -0.5900  120.3500
ASH701946.3     SNOW    1.7000   -0.5400   89.9300    0.3600    0.2600  119.7400
ASH701975.01A   NONE   -1.5200   -4.4700   38.2500   -1.7800   -3.7900   54.5500
ASH701975.01AGP NONE   -1.4200   -3.6700   37.8500   -2.0800   -3.2900   38.4500
JAV_GRANT-G3T   NONE    0.5600    1.1600   50.2800   -3.1000   -1.3800   46.8300
JAV_RINGANT_G3T NONE    0.2500    2.2400   49.0400    6.8000   -3.1600   54.7200
JAVRINGANT_DM   NONE    1.0500    0.8600   89.3100    0.2800   -0.0700  119.6400
JNSMARANT_GGD   NONE    1.8800    0.1300   63.3500   -1.7800   -0.5900   72.0500
JPLD/M_R        NONE    0.5800   -0.3700   59.8500   -0.0800   -0.5900   88.3500
JPLD/M_RA_SOP   NONE    0.5800   -0.3700   59.8500   -0.0800   -0.5900   88.3500
JPSLEGANT_E     NONE    1.2800   -0.2700   35.4500    1.6200   -1.6900   54.1500
JPSODYSSEY_I    NONE    0.9800   -2.2700   70.3500   -0.3800   -2.2900   81.2500
JPSREGANT_DD_E  NONE    0.1400   -0.2700  100.8100    0.2100    0.2100  116.4600
JPSREGANT_SD_E  NONE   -0.4400   -0.2600   91.2500    0.2800   -0.1100  118.9000
LEIAR10         NONE    1.2900   -0.7000   88.8400    0.5200    0.1500   81.7900
LEIAR25         NONE    1.4100    1.0000  155.3400   -0.1500    0.2900  164.0000
LEIAR25         LEIT    1.0400    1.1800  155.0800   -0.1400    0.3800  163.0700
LEIAR25.R3      NONE    0.4100    0.1100  162.2300    0.1800   -0.5100  159.5100
LEIAR25.R3      LEIT    0.1700    0.1000  161.7300    0.1900   -0.6400  158.7900
LEIAR25.R4      NONE    0.8800    0.8700  159.3600    0.1200    0.0200  153.5800
LEIAR25.R4      LEIT    0.6000    0.9800  158.3000    0.1100    0.0500  154.0400
LEIAR25.R4      SCIT    1.0500   -0.5400  164.1500    0.2200   -1.3700  147.3000
LEIAS05         NONE    1.6400   -0.5200   63.4200    1.6400   -0.5200   63.4200
LEIAS10         NONE   -1.0300    1.3500   58.3200   -0.2000   -2.3800   55.5400
LEIAT202+GP     NONE    5.3800    1.5300   31.0500    3.3200   -5.7900   34.1500
LEIAT202-GP     NONE   -0.0200   -0.3500   40.3900   -1.9400    1.4000   40.7100
LEIAT302+GP     NONE    5.3800    1.5300   31.0500    3.3200   -5.7900   34.1500
LEIAT302-GP     NONE   -0.0200   -0.3500   40.3900   -1.9400    1.4000   40.7100
LEIAT303        NONE   -0.4300    0.7600   60.7500    0.2900    0.1800   84.6200
LEIAT303        LEIC   -0.4700    0.5500   61.6400   -0.0700    0.1500   86.0600
LEIAT502        NONE    0.8800    1.6300   43.6500   -1.4800    1.2100   57.7500
LEIAT503        NONE    1.5800   -0.8700   60.0500    1.7200    0.2100   86.2500
LEIAT503        LEIC    1.2800   -0.4700   60.5500    1.6200   -0.3900   83.2500
LEIAT504        NONE    0.3000    0.3400   91.3400   -0.3000    0.1300  117.7100
LEIAT504        LEIS    0.6000    0.0900   88.4700   -0.2200    0.1500  115.3300
LEIAT504        OLGA   -1.1800   -0.8100   82.8800   -0.4100    0.2900  112.8200
LEIAT504        SCIS   -0.1800   -0.3500   85.6300   -0.1900    0.1400  115.3500
LEIAT504GG      NONE    0.6200    1.1600   89.5600   -0.0600   -0.3600  119.5800
LEIAT504GG      LEIS    0.4000    1.1700   87.0600    0.1400   -0.3200  117.5400
LEIAT504GG      SCIS    1.4800    1.3300   87.3500   -0.1800    0.1100  117.5500
LEIAT504GG      SCIT    1.6800    2.6300   88.4500    0.0200    0.9100  117.4500
LEIATX1230      NONE    0.9800    2.1300   92.4500    0.0200   -1.0900   97.2500
LEIATX1230+GNSS NONE   -1.2800    1.2800   87.1800    0.1900   -1.2300   84.7200
LEIATX1230GG    NONE    0.9800    2.1300   92.4500    0.0200   -1.0900   97.2500
LEIAX1202       NONE    1.4100   -0.1400   64.2700   -0.3100    0.0400   62.8600
LEIAX1202GG     NONE    1.6400   -0.5200   63.4200   -1.2000    0.2300   62.1300
LEIAX1203+GNSS  NONE   -1.0300    1.3500   58.3200   -0.2000   -2.3800   55.5400
LEIGS09         NONE   -1.2800    1.2800   87.1800    0.1900   -1.2300   84.7200
LEIGS15         NONE   -0.8100   -0.4900  202.0500    0.7600    2.1400  200.7300
LEIMNA950GG     NONE    0.5400    0.1500   91.0500    0.7600    0.5000   90.4300
LEISR299_INT    NONE    3.5800    1.0300  110.2500    2.3200   -1.6900  114.3500
LEISR399_INT    NONE    3.1800    1.2300   92.4500    0.1200   -2.7900  102.0500
LEISR399_INTA   NONE    3.5800    1.0300  110.2500    2.3200   -1.6900  114.3500
MAC4647942      NONE    2.7800   -8.5700  144.9500    4.2200    1.4100   83.6500
MAC4647942      MMAC   -0.8200    2.4300  121.4500    0.4200    2.7100   93.5500
MPL_WAAS_2224NW NONE    0.1800   -4.6700  449.1500   -0.5800   -4.4900  458.8500
MPL_WAAS_2225NW NONE    0.7800   -3.8700  444.4500   -0.8800   -0.9900  457.0500
MPLL1/L2_SURV   NONE    0.5800   -0.3700   61.4500   -0.0800   -0.5900   85.5500
NAVAN2004T      NONE   -0.9200   -0.9700   40.5500   -3.3800   -1.8900   63.2500
NAVAN2008T      NONE    1.3800    0.1300   11.4500    0.2200   -0.9900   26.1500
NOV_WAAS_600    NONE   -1.6200   -0.1700  374.8500   -3.0800   -3.8900  389.8500
NOV502          NONE   -0.5200   -1.6700   41.8500    0.3200   -2.2900   59.3500
NOV502+CR       NONE   -0.7200   -2.7700   29.2500    0.6200   -1.2900   68.0500
NOV503+CR       NONE    2.8800   -1.7700   68.3500   -0.1800   -0.2900   84.6500
NOV503+CR       SPKE    1.4400   -2.0000   72.7300   -1.5100   -1.2700   87.4700
NOV600          NONE   -1.8800    1.0100   73.5400    0.4900    1.0700   77.2900
NOV702          NONE    0.6100    1.9900   65.6400   -0.5800    0.7700   64.2000
NOV702GG        NONE    1.3500    0.3000   66.7600    0.0000    0.1300   66.0800
NOV750.R4       NONE    0.2600   -0.1600  161.3000   -0.2200   -0.5100  158.3000
NOV750.R4       NOVS    0.2100   -0.2200  169.4400   -0.3700   -0.4200  156.7000
SEN67157596+CR  NONE    1.7800    0.9300   13.8500    1.9200   -0.6900   26.5500
SOK502          NONE   -0.5200   -1.6700   41.8500    0.3200   -2.2900   59.3500
SOK600          NONE   -0.7200   -0.0700   72.3500    0.1200   -0.9900   84.1500
SOK702          NONE    2.9800   -0.8700   69.0500   -0.5800   -1.3900   71.1500
SPP571212238+GP NONE    0.8800    1.6300   76.7500   -1.4800    2.5100   68.8500
TOP700779A      NONE    3.9800    0.6300   69.1500    3.0200   -1.8900   55.7500
TOP72110        NONE   -3.3200    6.9300  128.9500   -4.4800    5.9100  120.1500
TPSCR.G3        NONE   -0.1700    0.3000   88.4100    0.2800   -0.0400  119.4000
TPSCR.G3        SCIS   -0.2100    0.2800   84.1700    0.4500   -0.0800  120.2600
TPSCR.G3        TPSH   -0.0700    0.3800   84.4100    0.7800    0.2700  119.7300
TPSCR3_GGD      NONE   -0.0300   -0.1100   62.8200    0.8200    0.2300   98.1900
TPSCR3_GGD      CONE   -0.3400   -0.1400   63.6800    0.4600    0.2400   96.7500
TPSCR3_GGD      OLGA   -0.8100   -0.1900   54.3200    0.5800   -0.0900   94.5400
TPSCR3_GGD      PFAN   -0.5100   -0.4700   61.6900    0.6900   -0.0400   94.8000
TPSCR4          NONE    0.5800   -0.3700   91.8500   -0.0800   -0.5900  120.3500
TPSCR4          CONE    0.7800    0.2300   91.0500   -0.0800   -1.2900  119.1500
TPSG3_A1        NONE    0.7800   -0.4700   33.3500    0.0200   -0.7900   41.2500
TPSG3_A1        TPSD    0.9800   -0.1700   33.1500    0.5200    0.1100   42.3500
TPSHIPER_GD     NONE   -1.1200   -1.1700   87.8500   -1.2800   -1.3900   93.5500
TPSHIPER_GGD    NONE   -1.1200   -1.1700   87.8500   -1.2800   -1.3900   93.5500
TPSHIPER_LITE   NONE    0.6800    1.7300   87.9500    0.0200    1.0100   88.0500
TPSHIPER_PLUS   NONE   -0.2200    1.2300   87.7500   -0.7800    0.1100   89.4500
TPSLEGANT3_UHF  NONE   -0.1200    0.2300   95.9500   -0.0800   -0.2900  104.9500
TPSODYSSEY_I    NONE    0.9800   -2.2700   70.3500   -0.3800   -2.2900   81.2500
TPSPG_A1        NONE    1.2800    1.8300   36.1500    0.3200   -0.7900   52.8500
TRM14177.00     NONE   -0.3600   -3.2600   74.8300   -3.1800   -0.8700   66.9700
TRM14532.00     NONE   -0.3600   -3.2600   74.8300   -3.1800   -0.8700   66.9700
TRM14532.10     NONE   -1.0200    0.5300   77.8500    1.5200    3.5100   86.7500
TRM22020.00+GP  NONE    1.2500   -1.4400   70.5800   -1.4900    1.4300   62.9700
TRM22020.00-GP  NONE    3.6800    0.5300   68.4500    1.1200   -0.6900   74.0500
TRM23903.00     NONE    1.3800   -1.4500   73.5200   -1.4000    1.4600   66.4500
TRM27947.00+GP  NONE    2.1800   -0.7700   57.0500   -0.4800    2.2100   67.9500
TRM27947.00-GP  NONE    3.9800   -0.2700   73.5500   -1.4800    1.5100   87.2500
TRM29659.00     NONE    0.1900    0.2300   90.9900   -0.0100    0.0000  120.4000
TRM29659.00     OLGA   -0.7300   -0.9600   83.2400   -0.5400   -0.2700  114.6300
TRM29659.00     SCIS    0.3400    0.8500   87.4900   -0.2300   -0.5300  119.3200
TRM29659.00     SCIT    1.1600    0.7500   85.9900    0.6300   -0.6200  118.3500
TRM29659.00     SNOW    0.0400    0.7600   91.4100    0.2700   -0.4900  120.4500
TRM29659.00     TCWD    0.0400   -0.2200   95.5800   -0.3200   -0.4000  124.0900
TRM29659.00     UNAV    1.3800    1.5300   89.5500   -0.7800   -0.6900  119.6500
TRM33429.00+GP  NONE   -0.0500   -0.5800   69.5800    0.0900   -0.2200   62.0400
TRM33429.00-GP  NONE    0.4800   -0.7700   62.3500    0.7200   -1.4900   71.7500
TRM33429.20+GP  NONE    0.0500   -0.7500   73.3400   -0.1100   -0.3500   66.9400
TRM33429.20+GP  TCWD   -0.3700   -0.8600   72.1500   -0.1000   -0.2900   76.5100
TRM33429.20+GP  UNAV   -0.0200   -0.6700   57.6500   -1.0800   -1.9900   69.2500
TRM39105.00     NONE   -0.3000    0.4800   55.8600   -0.6200    1.6300   52.6100
TRM41249.00     NONE    0.2800    0.4900   55.9100    0.1500    0.4600   58.0000
TRM41249.00     SCIT    1.3800    1.3300   57.6500    0.4200    0.6100   59.4500
TRM41249.00     TZGD    0.5600    0.4000   55.4600    0.3200    0.5000   57.9500
TRM41249USCG    SCIT   -2.8200   -2.2700   63.1500   -3.7800   -2.0900   61.2500
TRM4800         NONE    0.3800    1.1300  157.7500   -0.6800    0.7100  171.2500
HXCGG486A       NONE   -0.1200    0.2300  118.1500   -0.7800   -0.1900  141.0500
HXCGG486A       HXCS    1.2800    0.5300  115.9500    0.8200    0.2100  142.1500
HXCGS488A       NONE    0.1800   -2.7700   59.1500   -0.0800   -1.0900   58.4500
HXCCGX601A      NONE    1.0800   -0.0700  208.9500    0.4200   -0.3900  217.4500
HXCCGX601A      HXCS    0.7800   -0.2700  214.4500    0.1200   -0.3900  221.8500
TRM55971.00     NONE    1.2900   -0.1900   66.7300    0.3800    0.6100   57.6900
TRM55971.00     SCIT    2.2800    1.2300   67.7500    0.8200    1.0100   60.1500
TRM55971.00     TZGD    1.1300   -0.1700   65.0200    0.2300    0.8400   57.4300
TRM57970.00     NONE    0.5800   -0.5900   63.1600    0.0400    2.0200   56.5700
TRM57971.00     NONE    1.1100   -0.3200   66.7700    0.0700    0.6600   57.7900
TRM5800         NONE    0.7800    1.1300   74.8500    0.1200   -2.1900   77.2500
TRM59800.00     NONE    0.4500    1.0200   89.8100   -0.0400   -0.3500  120.0300
TRM59800.00     SCIS    0.3200    0.7100   86.7000    0.1500   -0.2100  119.4200
TRM59800.00     SCIT    1.3200    0.8800   84.8500    1.0200   -0.3200  118.0800
TRM59800.80     NONE    0.4500    1.0200   89.8100   -0.0400   -0.3500  120.0300
TRM59800.80     SCIS    0.3200    0.7100   86.7000    0.1500   -0.2100  119.4200
TRM59800.80     SCIT    1.3200    0.8800   84.8500    1.0200   -0.3200  118.0800
TRMR8_GNSS      NONE    0.5700   -0.1600   83.6700   -0.6900   -0.2500   72.0900
TRMR8_GNSS3     NONE    0.9300   -0.4000   84.6600   -0.9200   -0.3700   73.3900
